7864
6806
6295
5687
8803
8212
4677
9245
2958
8867
7100
3507
1463
7549
6255
2803
4273
9617
9076
7138
4837
1365
1723
5809
1138
2133
9614
8334
1351
9792
1767
6039
3027
2981
9199
5100
9434
7654
5961
9711
9195
9557
7168
9329
6655
7792
9674
2085
7849
9140
2353
9681
9868
8291
5702
4900
9578
4053
5058
1163
7571
2872
9403
4011
6772
4738
9450
1235
2637
4634
3235
1101
9018
7042
8908
3119
7784
4091
8726
4333
6116
1293
2977
1142
6463
5760
8883
5532
1242
9638
8372
8844
5557
1044
9448
7899
4648
7583
8484
1809
5817
4774
4594
9483
4743
1124
5316
2920
5276
2054
4765
8205
9070
7458
8399
3612
6503
7846
7001
4678
9167
4171
9739
9817
4539
2824
1211
3122
1204
5226
8380
5167
4107
9810
9757
3387
9083
1465
6451
3035
8278
2704
5488
9005
1158
9742
3018
4865
9452
1657
3871
9699
1374
1736
9331
1457
7930
7984
1851
6581
7667
9259
1753
1770
1953
8863
9984
6153
1561
2400
6681
2805
8792
5942
7411
1403
1030
8812
2056
4763
7740
9402
2548
7404
9291
1018
1140
9589
7047
6469
3771
1401
6079
9123
5257
2806
7788
9968
5123
5617